VERTICES
9600
9586
9712
10161
11732
10167
11719
9971
11096
11816
9837
11570
10262
12032
11362
9656
12016
9329
11170
9901
10978
11871
10175
10771
9632
11747
10581
10659
9144
8983
8968
9599
9018
12564
9095
12015
9590
10826
9765
10895
11221
10008
11042
9186
10139
12035
9887
10807
10233
12282
10682
9401
11450
9554
10922
9670
9352
9547
10919
12955
9221
9888
11446
9387
10534
10788
10310
11836
9201
10336
9191
12520
9169
12154
9513
12521
11139
11951
9129
9748
9633
9305
11902
9452
11986
11591
12724
12049
9813
9734
9063
9816
11607
10435
11344
9711
11433
10246
9470
10285
12162
10256
10202
12317
11496
6285
12357
10357
12852
9905
11194
10686
9933
9277
12069
9179
9658
11992
10304
10558
12115
9449
10173
11487
9415
6961
7132
7155
8939
8921
9265
9065
10913
7452
7536
7544
7533
7532
7500
7520
7512
7472
7490
7442
7381
7260
6920
6839
6646
11507
12431
9871
11183
6116
6015
5866
5829
5786
5750
5695
11271
9576
11807
5579
11134
5568
5571
10134
12195
9473
12293
11057
10667
9941
12767
9840
12519
10712
10309
12377
9560
10006
10943
12585
2539
2454
2187
2133
2114
2039
8589
12526
1590
9399
1310
9893
992
791
731
664
586
596
447
387
407
333
228
10134
12195
9473
12293
11057
10667
9941
12767
9840
12519
10712
10309
12377
9560
10006
10943
12585
2539
2454
2187
2133
2114
2039
8589
12526
1590
9399
1310
9893
992
791
731
664
586
596
447
387
391
418
541
592
679
733
890
996
1134
1165
1198
1256
1325
1263
1043
854
753
655
540
9600
9586
9712
10161
11732
10167
11719
9971
11096
11816
9837
11570
10262
12032
11362
9656
12016
9329
11170
9901
10978
11871
10175
10771
9632
11747
10581
10659
9144
8983
8968
9599
9018
12564
9095
12015
9590
10826
9765
10895
11221
10008
11042
9186
10139
12035
9887
10807
10233
12282
10682
9401
11450
9554
10922
9670
9352
9547
10919
12955
9221
9888
11446
9387
10534
10788
10310
11836
9201
10336
9191
12520
9169
12154
9513
12521
11139
11951
9129
9748
9633
9305
11902
9452
11986
11591
12724
12049
9813
9734
9063
9816
11607
10435
11344
9711
11433
10246
9470
10285
12162
10256
10202
12317
11496
6285
12357
10357
12852
9905
11194
10686
9933
6474
6415
6381
6325
6077
5972
5844
5616
5525
5503
5391
5285
5245
11622
9713
11938
8710
11182
4778
4614
4473
4244
4016
3873
3636
3541
11823
11473
9951
3399
10422
3245
12857
3183
3145
3051
3023
11798
3016
10587
3013
3014
3015
3042
3097
3096
3161
3259
3324
3357
3381
3343
3293
3270
3266
3285
10891
3295
3222
3080
11178
12391
9394
2469
8695
2307
8747
2231
2121
2081
2001
1822
10814
1516
12199
1087
9600
9586
9712
10161
11732
10167
11719
9971
11096
11816
9837
11570
10262
12032
11362
9656
12016
9329
11170
9901
10978
11871
10175
10771
9632
11747
10581
10659
9144
8983
8968
9599
9018
12564
9095
12015
9590
10826
9765
10895
11221
10008
11042
9186
10139
12035
9887
10807
10233
12282
10682
9401
11450
9554
10922
9670
9352
9547
10919
12955
9221
9888
11446
9387
10534
10788
10310
11836
9201
10336
9191
12520
9169
12154
9513
12521
11139
8929
9048
9185
9115
11720
9495
12039
9824
9069
9151
11825
11553
12098
9783
5374
5344
5306
5239
5225
5160
5088
10134
12195
9473
12293
11057
10667
9941
12767
9840
12519
10712
10309
12377
9560
10006
10943
12585
2539
2454
2187
2133
2114
2039
8589
12526
1590
9399
1310
9893
992
791
643
8729
545
11093
445
356
354
413
496
588
8594
715
8618
898
947
1031
1090
1190
1245
1279
1319
1375
1404
1423
1474
10134
12195
9473
12293
11057
10667
9941
12767
9840
12519
10712
10309
12377
9560
10006
10943
12585
2539
2454
2187
2133
2114
2039
8589
12526
1590
9399
1310
9893
992
791
643
8729
545
459
410
341
330
430
511
9600
9586
9712
10161
11732
10167
11719
9971
11096
11816
9837
11570
10262
12032
11362
9656
12016
9329
11170
9901
10978
11871
10175
10771
9632
11747
10581
10659
9144
8983
8968
9599
9018
12564
9095
12015
9590
10826
9765
10895
11221
10008
11042
9186
10139
12035
9887
10807
10233
12282
10682
9401
11450
9554
10922
9670
9352
9547
10919
12955
9221
9888
11446
9387
10534
10788
10310
11242
12700
9493
9796
9100
10488
10872
9968
10657
9926
11369
10638
12478
9163
9198
11338
10626
9248
9608
11420
9446
12079
11255
11744
11873
9814
11111
9614
9855
9346
10286
9331
12277
6832
6756
6792
6903
7084
7128
7158
7312
7402
12210
7521
8737
7994
9897
9211
9330
12641
9802
10326
10528
11414
10057
9523
8788
11481
9817
11020
11043
12769
8366
8343
8227
11208
12523
8153
8074
7983
7988
8000
7986
8043
8062
8129
8083
8045
7902
9600
9586
9712
10161
11732
10167
11719
9971
11096
11816
9837
11570
10262
12032
11362
9656
12016
9329
11170
9901
10978
11871
10175
10771
9632
11747
10581
10659
9144
8983
8968
9599
9018
12564
9095
12015
9590
10826
9765
10895
11221
10008
11042
9186
10139
12035
9887
10807
10233
12282
10682
9401
11450
9554
10922
9670
9352
9547
10919
12955
9221
9888
11446
9387
10534
10788
10310
11242
12700
9493
9796
9100
10488
10872
9968
10657
9926
11369
10638
12478
9163
9198
11338
10626
9248
9608
11420
9446
12079
11255
11744
11873
9814
11111
9614
9855
9346
10286
9331
12277
6832
6756
6792
6903
7084
7128
7158
7312
7402
12210
7521
8737
7994
9897
9211
9330
12641
9802
10326
10528
11414
10057
9523
8788
11481
9817
11020
11043
12769
8366
8343
8227
11208
12523
8153
8074
7983
7988
8000
7986
8043
8062
8129
8161
8175
8255
8293
8318
8379
8344
8314
8262
8208
9600
9586
9712
10161
11732
10167
11719
9971
11096
11816
9837
11570
10262
12032
11362
9656
12016
9329
11170
9901
10978
11871
10175
10771
9632
11747
10581
10659
9144
8983
8968
9599
9018
12564
9095
12015
9590
10826
9765
10895
11221
10008
11042
9186
10139
12035
9887
10807
10233
12282
10682
9401
11450
9554
10922
9670
9352
9547
10919
12955
9221
9888
11446
9387
10534
10788
10310
11242
12700
9493
9796
9100
10488
10872
9968
10657
9926
11369
10638
12478
9163
9198
11338
10626
9248
9608
11420
9446
12079
11255
11744
11873
9814
11111
9614
11815
10019
12212
10075
9226
9974
10744
9207
12449
10069
10710
10010
11699
9910
12633
11632
9439
11495
9447
10238
9212
10339
9923
9040
12624
11259
9364
12197
9246
10093
12272
9572
9767
9004
10223
11373
9542
10068
9161
11598
11224
9234
9791
10189
9250
11031
8997
12407
12476
9152
9662
9030
10487
9472
12512
10473
11387
9397
10851
9900
10383
9890
11356
10255
12582
9849
10025
9541
11672
10055
12301
12749
10940
11379
9654
12545
10094
11697
9982
9835
11855
10904
10289
11101
9245
12513
9730
9178
9790
9256
9497
9333
10399
9199
11652
9995
10031
8891
9366
10187
12626
11118
9370
8836
10461
8940
10617
2524
2493
2370
2302
2387
8568
2446
10134
12195
9473
12293
11057
10667
9941
12767
9840
12519
10712
10309
12377
9560
10006
10943
12585
2539
2453
2399
2144
2038
1991
1916
1842
1744
1676
8705
1507
1408
1296
1132
1037
935
668
442
338
229
181
143
7902
8045
8083
8129
8062
8043
7986
8000
7988
7983
8074
8153
12523
11208
8227
8343
8366
12769
11043
11020
9817
11481
8788
9523
10057
11414
10528
10326
9802
12641
9330
9211
9897
7994
8737
7521
12210
7402
7312
7158
7128
7084
6903
6792
6756
6832
12277
9331
10286
9346
11286
9226
9974
10744
9207
12449
10069
10710
10010
11699
9910
12633
11632
9439
11495
9447
10238
9212
10339
9923
9040
12624
11259
9364
12197
9246
10093
12272
9572
9767
9004
10223
11373
9542
10068
9161
11598
11224
9234
9791
10189
9250
11031
8997
12407
12476
9152
9662
9030
10487
9472
12512
10473
11387
9397
10851
9900
11667
9379
9673
10900
11086
10566
10754
10887
12388
11711
8880
3913
3649
3482
3435
3255
3197
3083
8535
2755
2701
2635
2471
11998
2334
10786
2053
12408
1913
12497
1853
1804
11970
10997
12907
12861
10603
1316
1075
882
642
12816
548
10822
12494
11841
12874
11252
14
1
100
114
514
1000
5000
1453
600
9092
7777
8086
2345
5547
EDGES
33220
4380
33545
4365
33973
4354
34747
4350
22892
28121
33894
28111
34958
28109
36984
23138
37880
23666
32368
23668
34075
15416
34764
34763
14378
33314
30289
35625
31741
9378
8595
30864
31290
31291
31573
30320
8621
33168
33689
8623
8625
34347
8643
31891
8645
34682
17451
34036
34893
18374
18378
32599
18380
18388
33073
36253
32440
32442
33057
36246
30554
32015
34040
22545
32556
21362
35063
21353
31941
35117
21371
30316
31827
30315
22116
32954
22119
22575
31691
33647
33316
32287
7517
32759
7519
7514
37308
7504
7494
7492
17590
19292
33833
19307
35328
19301
33541
19295
34919
35007
19276
34943
34827
19271
37171
19283
38301
19218
35159
34086
22160
22158
34154
22253
32198
31863
33386
22222
31789
22214
35572
21407
32748
34760
32643
21395
6647
6677
6998
30990
32162
7011
7022
25357
25397
25378
25382
25860
25843
25857
25859
25869
25848
25882
26081
6286
6599
5560
21488
37185
21549
33995
21495
22557
7820
17900
17565
17886
17870
17837
17749
17747
33144
18213
18182
18180
18190
17727
27241
34670
32830
32832
31847
27252
27635
34172
30336
27657
32281
27628
35061
33093
33092
34344
27639
27641
27655
9922
10496
10502
10525
10554
10584
38498
16091
32591
16115
34053
16149
16140
16137
16079
2807
2817
2097
2118
2108
2177
2239
27241
34670
32830
32832
31847
27252
27635
34172
30336
27657
32281
27628
35061
33093
33092
34344
27639
27641
27655
9922
10496
10502
10525
10554
10584
38498
16091
32591
16115
34053
16149
16140
16137
16079
2807
2817
2097
2116
2114
2077
2051
15753
15749
20671
20508
20466
20383
20372
20361
20353
20350
20374
20403
20423
20429
20446
17164
33220
4380
33545
4365
33973
4354
34747
4350
22892
28121
33894
28111
34958
28109
36984
23138
37880
23666
32368
23668
34075
15416
34764
34763
14378
33314
30289
35625
31741
9378
8595
30864
31290
31291
31573
30320
8621
33168
33689
8623
8625
34347
8643
31891
8645
34682
17451
34036
34893
18374
18378
32599
18380
18388
33073
36253
32440
32442
33057
36246
30554
32015
34040
22545
32556
21362
35063
21353
31941
35117
21371
30316
31827
30315
22116
32954
22119
22575
31691
33647
33316
32287
7517
32759
7519
7514
37308
7504
7494
7492
17590
19292
33833
19307
35328
19301
33541
19295
34919
35007
19276
34943
34827
19271
37171
19283
38301
19218
35159
34086
22160
22158
34154
22146
19171
19162
19156
19148
7949
8034
7976
8003
8004
11931
11956
11889
11906
11914
37774
15157
15174
36711
15195
15210
28329
28340
28301
28776
26202
26207
37140
26217
34197
35307
26254
38851
26286
26310
13492
13482
13400
37591
13393
35636
13292
13286
27994
27983
26317
12893
26562
26378
26348
26334
26345
26358
26370
4847
4833
36198
4826
4837
4883
27810
36705
27857
32576
27523
9565
9584
3677
9609
9613
10179
9671
36073
11588
15793
15828
15843
33220
4380
33545
4365
33973
4354
34747
4350
22892
28121
33894
28111
34958
28109
36984
23138
37880
23666
32368
23668
34075
15416
34764
34763
14378
33314
30289
35625
31741
9378
8595
30864
31290
31291
31573
30320
8621
33168
33689
8623
8625
34347
8643
31891
8645
34682
17451
34036
34893
18374
18378
32599
18380
18388
33073
36253
32440
32442
33057
36246
30554
32015
34040
22545
32556
21362
35063
21353
31941
35117
21371
30316
31827
30315
22116
32954
22119
36641
30951
31888
18025
31643
18005
32902
30706
33856
31478
31767
31485
37249
33740
8994
9006
9010
9040
9015
9064
9078
9439
27241
34670
32830
32832
31847
27252
27635
34172
30336
27657
32281
27628
35061
33093
33092
34344
27639
27641
27655
9922
10496
10502
10525
10554
10584
38498
16091
32591
16115
34053
16149
16162
16164
3079
3076
2392
2420
2152
2141
2083
20708
20591
20597
20575
20550
20505
20457
20078
20049
20022
20013
19996
19993
19512
19491
19479
19452
27241
34670
32830
32832
31847
27252
27635
34172
30336
27657
32281
27628
35061
33093
33092
34344
27639
27641
27655
9922
10496
10502
10525
10554
10584
38498
16091
32591
16115
34053
16149
16162
16164
3079
3082
2407
2425
2472
2429
2380
2365
33220
4380
33545
4365
33973
4354
34747
4350
22892
28121
33894
28111
34958
28109
36984
23138
37880
23666
32368
23668
34075
15416
34764
34763
14378
33314
30289
35625
31741
9378
8595
30864
31290
31291
31573
30320
8621
33168
33689
8623
8625
34347
8643
31891
8645
34682
17451
34036
34893
18374
18378
32599
18380
18388
33073
36253
32440
32442
33057
36246
30554
32015
34040
22545
32556
21362
35063
35062
36809
31521
32898
33774
31589
21294
21279
34244
22058
22061
21282
35732
31803
22070
31518
22065
5500
5979
5974
32740
32399
36831
6008
37517
33827
5988
32357
33265
5887
19024
32375
5422
22508
22434
23927
30121
6041
6062
6067
6077
6106
38122
7353
7373
26075
34063
31974
32371
26014
33788
26012
26024
26031
34476
34475
32983
25955
33835
19
36444
36484
839
842
823
825
36751
24874
24887
24940
24959
24957
24928
24952
24910
22670
22666
24879
24962
25034
33220
4380
33545
4365
33973
4354
34747
4350
22892
28121
33894
28111
34958
28109
36984
23138
37880
23666
32368
23668
34075
15416
34764
34763
14378
33314
30289
35625
31741
9378
8595
30864
31290
31291
31573
30320
8621
33168
33689
8623
8625
34347
8643
31891
8645
34682
17451
34036
34893
18374
18378
32599
18380
18388
33073
36253
32440
32442
33057
36246
30554
32015
34040
22545
32556
21362
35063
35062
36809
31521
32898
33774
31589
21294
21279
34244
22058
22061
21282
35732
31803
22070
31518
22065
5500
5979
5974
32740
32399
36831
6008
37517
33827
5988
32357
33265
5887
19024
32375
5422
22508
22434
23927
30121
6041
6062
6067
6077
6106
38122
7353
7373
26075
34063
31974
32371
26014
33788
26012
26024
26031
34476
34475
32983
25955
33835
19
36444
36484
839
842
823
825
36751
24874
24887
24940
24959
24957
24928
24952
24910
22670
182
192
898
924
949
966
946
941
936
892
163
33220
4380
33545
4365
33973
4354
34747
4350
22892
28121
33894
28111
34958
28109
36984
23138
37880
23666
32368
23668
34075
15416
34764
34763
14378
33314
30289
35625
31741
9378
8595
30864
31290
31291
31573
30320
8621
33168
33689
8623
8625
34347
8643
31891
8645
34682
17451
34036
34893
18374
18378
32599
18380
18388
33073
36253
32440
32442
33057
36246
30554
32015
34040
22545
32556
21362
35063
35062
36809
31521
32898
33774
31589
21294
21279
34244
22058
22061
21282
35732
31803
22070
31518
22065
5500
5979
5974
32740
32399
36831
6008
37517
33827
5988
32357
5859
34376
5854
34518
32029
34265
18897
31816
18933
18929
34500
35874
34352
32625
34101
18938
18936
32720
17521
32743
19038
19026
17546
17544
31372
36836
32485
8209
8252
8254
8256
8218
33131
8215
9351
32428
13984
13989
31799
13982
9354
32059
9343
33762
32109
13929
13933
31218
13931
13926
33395
15214
35436
15229
32827
35408
28345
32316
32586
34071
34072
34045
28371
28445
34939
28439
33925
34393
33041
28428
34471
38241
36294
36292
33371
33373
34567
33181
23105
28521
33888
28523
28526
35016
28549
32093
33604
29805
33760
33759
29792
32909
35250
31932
26715
26713
26710
30823
26691
26699
26693
34294
32500
12713
30605
12736
30992
12725
23546
23712
23570
12166
13155
13165
13161
27241
34670
32830
32832
31847
27252
27635
34172
30336
27657
32281
27628
35061
33093
33092
34344
27639
27641
27653
10457
10459
10509
10550
10358
10370
10383
10396
10406
16420
16428
16439
16039
16473
16484
16506
16412
2855
2957
2974
2989
3021
25034
24962
24879
22666
22670
24910
24952
24928
24957
24959
24940
24887
24874
36751
825
823
842
839
36484
36444
19
33835
25955
32983
34475
34476
26031
26024
26012
33788
26014
32371
31974
34063
26075
7373
7353
38122
6106
6077
6067
6062
6041
30121
23927
22434
22508
5422
32375
19024
32421
5419
34265
18897
31816
18933
18929
34500
35874
34352
32625
34101
18938
18936
32720
17521
32743
19038
19026
17546
17544
31372
36836
32485
8209
8252
8254
8256
8218
33131
8215
9351
32428
13984
13989
31799
13982
9354
32059
9343
33762
32109
13929
13933
31218
13931
13926
33395
15214
35436
15229
32827
35408
28345
32316
32586
34071
28357
28364
33424
28361
36211
35590
28262
28256
28254
37475
30780
28276
28780
4922
4948
4958
4996
5024
27941
27890
27907
27914
27566
27936
37854
36019
9721
38357
10220
38461
9761
2518
9796
36402
9799
15954
35666
15918
15924
15669
15679
38807
2677
2693
36086
37646
2705
2714
36823
2764
